1642909335
1934183965
1192329374
1266321801
1656809190
1854283601
1781379945
1793285524
1712539910
1223178222
1618051664
1730077315
1197161814
1249159055
2803301701
1763582395
1784537661
2032139271
2656274875
1249193625
1259110474
1656831930
1196235387
1241148864
1191044977
1191220232
1223179064
1192515960
1642512402
1781387491
1705180884
1871110130
1778742953
1574684061
1198920804
1682352065
2286908003
1282005885
5357651574
5576276117
1883881851
2715025067
1197191492
1275280670
1220924217
1263498570
1644461042
1784473157
1649173367
1517934944
1740006601
1322920531
1314608344
1681029540
1601563722
1764222885
1254139301
1831216671
2328516855
1737979690
1195210033
1663072851
1195389671
1320135280
1738932247
1193491727
1650111241
1652484947
1670697373
2902408801
1642088277
3238094084
1641561812
1681213010
2258727970
1220926753
1983693223
2145291155
1699432410
1692544657
1665256992
1265020392
2714280233
1234692083
1712570933
1642591402
1774978073
1744825334
1699540307
1649166140
2150182731
1182391231
1649159940
3884592975
2810373291
2912176333
1307651590
1662717013
5267970860
1742566624
1728551812
1749964961
1653689003
1999607273
1197931472
5878659096
1773283005
5126161537
1729370543
1342829361
1907542963
2130434435
1640571365
1340552632
1288739185
1704819467
5231788809
1635764393
1610536214
1582160525
3491130564
1747104004
1756807885
1651428902
1191965271
2095326403
1706987705
1195300800
1663010745
1916655407
3912522941
1648764935
1288915263
2391322817
1731230547
1198251274
1187986757
1708942053
1237869662
1323527941
5608272697
1195231190
3069348215
1643971635
1813080181
1671342103
1822796164
2142168143
1197362373
1249424622
2718604160
1764033053
1877716733
1222713954
2641686425
1213239282
3125368501
2827050962
1782546732
1644489953
2828585100
1653603955
1097201945
1751675285
1426725707
2517830513
1730243272
1718493627
1786334271
1340406064
2280198017
1210604004
1496852380
1797007051
1697601814
2390654513
1804549454
1895964183
1195818302
1664207987
1917335617
1402977920
5524359949
1644419370
2953031917
1638781994
1296234914
1495033135
1977459170
3167735565
2995631244
1496814565
1193258161
3922774869
1265998927
2807837367
1650569064
1347680337
2803395954
1900093290
1736105723
1703371307
1887790981
2537882762
1926909715
2116813703
1194868525
1809054937
2759906397
1470110647
2921223134
1709157165
1740577714
2709577332
1682207150
3511727907
2393383161
1049198655
1638629382
1670071920
1252036043
1752839275
2346404435
1511484000
1299532580
1936713014
1189615035
1684502353
2878056165
1783286485
1732370473
1609648201
1506142182
1738933752
1720962692
3506728370
1594643405
1691761292
2155226773
3463207204
2159863893
1666680885
1658704130
1497087080
1315469422
1625152340
1708288824
1680556193
1513934187
2809310870
1159768381
1263585717
1752825395
2150511032
1960785875
2144684673
1655444627
2030112487
1156966391
1663073073
1195366567
1844477730
2315579285
1890443153
1221895385
1859363691
2110048113
3947532062
1717175282
1623886424
1639498782
1749975705
1741801024
1193111400
1646512101
1706372681
1656737654
1870458911
1912222221
2243807243
1309248901
2219732981
3054324355
2814680487
1644225642
1670032377
5699800464
1289986124
2206430561
1615743184
5076516542
1380265057
1771140437
3948352701
1751195602
2840177141
2123664205
1750822455
1745885344
1249729383
1662766362
1917433500
2258833123
2615632951
1701600025
1431680140
1732235143
1895283041
1763864272
5662699109
2415848337
1850988623
1732950433
1653460650
1671977403
1566301073
2300220545
1191312074
1445681564
1197964571
2855071827
1344386244
1318119365
1641532820
1098618600
2452933723
2909406375
1810632930
5954852281
1985375991
2024803027
2748597475
1677991972
2219523390
2476481021
1773324971
1490372962
3774371267
1730940294
5634753105
1740334623
1779837945
1724367710
1764523734
2670125917
1968863541
1265926601
1191258655
1644291782
1780676151
5126427168
2858469881
1904228041
1717833412
1780449083
1100856704
2549228714
1737650455
1211710022
1130677950
1731285993
1884616407
5357670210
1851881587
2058584790
1647678107
1722022490
1667983181
1221987632
3252017110
1315420805
3044746573
1918730657
1749990115
1730113683
2154042825
1769684987
2721265092
3139407667
1197151844
1268518877
1668662863
1749860650
1820201245
1654502821
1858065064
1557349447
2936882141
1498522714
3228016330
2481092927
1974576991
1911180293
2792589472
1335661387
5642998457
1423424121
3276213840
5234797239
1295560007
1703612533
1800991937
5704726886
3948713134
2011075080
1893711543
1642326133
2447844780
1893769523
1850235592
2589432731
2375086267
1173544292
1647497355
1912052995
1279776120
1036663592
1504965390
5182575519
2701177800
1664971205
1288369910
1211441627
2417139911
2300568541
5182171545
1919014323
2768688300
5590046102
1244876825
1384615417
2090591961
2108922361
1847582585
1861057780
2675322102
2707765025
1813482925
1862172703
1326410461
1650107735
2403566197
1251372271
1820114225
2568227595
3641513235
1771123430
2154946027
1735937570
2752396553
1197755162
1722058350
1726544024
5242381821
1687198333
1222062284
1865959321
1738498871
1878923963
1257355460
1549362863
2944835493
1646051850
1741069204
3913965348
1893278624
1197890497
1140554177
1688864597
1884334303
1642592432
2349227985
3937348351
3929428825
2689280541
3888073849
1880927244
1213395722
1668589317
1374834850
1596103295
2619981000
1234872834
1684322821
2140227493
1989660417
1985393563
1708643783
1236392942
1265057942
1731169267
1252699553
3305085281
1284032347
1711523125
2530813523
3230715380
1779489253
3167305545
2493592183
1893377101
1252397723
5743672670
3917225829
2770181480
1698857957
2817192470
1992769421
5483008422
1210520227
2625481001
1575527140
1801055875
1732927460
1292500037
2646681810
1250041105
1700720163
1197069394
1774859483
2368746162
1371731565
2639013261
2219794733
2056382103
1991194723
1774817377
1653714227
3229916011
3427645762
1642482194
1767910704
1672519561
3664122147
2210168325
1785884091
1164475834
3517499214
3715458153
1716577367
2289537274
2443459455
1887259304
1256947091
1738770705
3164835813
1189729754
1222135407
3298202727
1683814612
2568309141
3802580928
1720664360
3402761920
1247685455
1193725273
1303154437
1812531252
1623965900
2075686772
1687442081
1614137095
2040531093
5173399462
1649155730
2516014697
5101863971
2028810631
1842262067
1442054902
3487640507
2749447053
1518966617
1863057363
1906114713
3920871143
5031100920
1895327843
5466594184
2825653895
2153773471
1897320685
1742883382
1497574603
3943178392
1662429125
1913382117
2419062270
1689980344
5180335506
2747143811
2512591982
2043228245
2740928150
1835459057
1932543735
2856943142
2245075615
1658719597
1232121710
3204782330
1660587693
3963628784
1712354525
3177527181
1895431523
5639849121
1882716230
1763990660
2385069490
1834628251
2864008873
1248351970
3551039873
1686546714
1958015870
1779595382
1268642527
2512574061
2881033212
1748852693
1711918131
1228977142
1957800054
3587960280
1822299354
1677856077
1213328234
3746515625
1197071940
2366517924
2764391661
2650596074
1449770150
1774501890
1566792693
2715308857
1263762522
1402602034
5705372166
2420408853
2780480850
3920631851
3156803063
1212641822
1704091601
1558148043
3934678684
2239082677
3082731712
3986147355
1198392970
3939625541
1676707167
1993545240
3053381063
5039775130
2417852083
2419711505
1803310643
1642030665
1887683497
1776080327
1735882701
2828579552
1786213845
2320711045
2001424242
1904469113
1199430302
1227655400
2097024354
1703704777
2501519087
2489313225
5582562907
1642566747
2105807580
1964959441
1802742227
1627825392
1713031610
2309846073
1444865141
1944983397
2141334915
1315591982
1752162633
1003763994
1648237865
1748440995
1320355271
1879778060
5359972175
1871721375
1738041392
2660243037
5389720333
1656565920
2755729807
3166262701
1223912672
5556631847
5154200142
2049389352
2396815443
1855024094
5546506328
2279690255
1642292081
5658605798
1266269835
1222425514
5664257294
2775872784
2203025493
3030975747
2257175873
2726601057
1182419921
5699800467
2923173112
5617768139
1667480033
2715361774
1746580461
2467679705
2143579695
1604363024
2805831502
2154332097
1273656690
1043320390
1617774075
2117678330
3167104922
3125368791
3224547527
1216431741
5127225727
1198213514
2922972682
1988272603
2317523915
1774259814
1642471052
2898870461
1658364043
1607812347
5628495345
2753006425
3514732862
1390408777
2693029692
1195301385
1774181624
1897599085
1265241322
3129816345
2686948620
3951941859
2053148147
1279884602
2827102952
1715722803
1997946033
1757573407
2773676520
3954349363
3913887849
1876792387
5572759558
1642286230
2817166554
1788500327
1496813671
1859509474
1495458525
2373286762
1649151203
5680802904
1253531973
1212642787
1651123083
1779744180
1223208794
3220647951
2687299131
2726883997
1665372775
5127716917
3951927144
1621444281
2793340610
2154547207
3191568265
1645773865
5211979483
1852220282
1198367585
1701580461
1812591014
1673450172
1651459561
1790476443
1886419032
2147283903
3266943013
1548403217
2740378344
3622512610
1895761874
1260870197
2159714367
1980337107
5487426270
1925950032
1988800805
1743308797
2090683994
1663723820
2686330651
1759084801
1898885525
2089004187
1134796120
1703513687
1810248254
1132891981
1807621622
1557605344
1766938004
2230826900
2162418640
1731930915
2172488380
1975548657
3704673325
1272741311
1264775587
2219088342
5210843684
1567875513
1937187173
5230185123
1893892941
1729754325
1227636382
3312977743
1189617115
1801817195
2784361770
2764013814
1962117985
2154013651
2491859160
3222817584
1916401801
1617499760
1757113343
1900093822
2278809187
1864135524
1152531173
2146965345
2854975764
1928300393
1816750115
2230913455
1571420880
1959182407
1646270104
1218639357
1943128881
1195397063
1195224593
2723369815
1801631004
3180544263
1867571077
5496045720
2313070101
1342704701
1882345883
1280846847
1663559265
5337879011
2133636451
1644051882
2219800644
1935167034
1189711610
3016812735
1193256814
2760296044
1868120090
3163782211
2607563507
2737131784
1994712500
1400776392
1004524612
5075902902
1729736051
3269548101
2630182381
2705119801
1650246564
2630646082
1747534564
1870002657
1676341525
1496975384
2170479940
1253242934
2371617703
1705901331
2018220685
2712357195
1284664183
5098547539
1629966190
1916657595
1896701827
2796274002
2609182255
2437229713
2343372547
2189608911
1663088660
2616360197
1578818417
2049787153
1791346245
1680078915
1896481783
1960601312
1898127921
1704544512
1692769643
2637483527
2607534827
1854129535
1266709574
1668743191
2418509742
2274567792
3174922191
3800478724
1957007987
1732802301
1286891293
3744217924
1627437385
1292808363
2427303621
1734658782
2271051770
1774937570
1677210834
2864748610
2698146894
3323442082
1645823934
2051634951
1800611161
1403915120
3704920351
1713203011
1683472727
3708524475
1274327470
5149608258
3227512260
2971183691
2141100877
5097562275
3072038031
3201725574
2010874100
1234867763
1915843283
1264674527
1864388983
2111624400
1223465794
2080114694
2044957395
1844421834
2050067882
2320543350
5252019885
1200933465
1684446114
1746575865
1933343853
2000016880
1827652007
5336756846
1778758223
3549916270
5578381471
1700087532
2615292573
1639356433
1434004434
1700207693
1716826231
5466592990
1749783560
1828887503
3271604690
1210558765
1779850265
2388955087
1750294477
1219795431
1229068373
3574611155
1693054775
2423757750
2177412401
2154789307
3042027813
2450512472
3624475587
1658570387
1802726235
3901624042
1932383433
3258200714
1268257027
2547916923
1619330202
2456253462
2893052643
1863337381
3306115675
1399746707
1246792191
2668793651
1644472761
1676001761
2648904693
1222030470
5596017363
2025994775
1922328587
1644729004
2489923091
5300636312
2741136977
3461350924
1645578093
1738089272
1751714412
2344099161
1930435037
3175177754
2613006173
3722287572
1882632930
5069424644
1701887397
2172653252
1407722902
1282282193
1163218074
5885073313
2089358175
2724540602
2127170561
1626002531
1501634660
3348078992
1639802725
1195910797
2166792032
2615417307
1418036855
1223898097
1197002213
5407684543
5042104968
2048661167
1704741001
2241275235
1980478177
1978054071
2611704935
2216791820
1255795640
2729070152
1856050627
1821135665
1655363172
2723838314
1095240537
1307243944
1696323507
2355965410
5278427062
5044798865
1743519310
2850616155
2630570525
1670183810
1882475282
2009101365
1063890337
1609875432
1839588863
2324974633
1780535520
5243061255
3809463097
3853952931
2856737412
1880233081
1647415197
1660646684
1258954655
1454338611
1744042262
2746802680
1497390470
2547371405
1698513182
2292048583
1756788837
1932108903
3650121242
1659756840
1502844527
1219310523
1225419417
1213536224
1614857442
1801150877
2134610725
5180728630
2100278972
2419803944
3913886039
3440325930
5662171613
1757599201
2549709795
1253318443
1750270991
2376534624
1809457954
1977460817
1271132954
5335979337
2206498342
5663382527
1390683177
2115998401
3580163954
1914039365
1995839643
5525448506
1824398837
1740584721
3928761901
1529573474
5135616559
5208966720
2964493453
1282871591
1926641510
3766773034
1341902602
1477045392
2099708877
1280981624
2011445377
2110705772
3037284894
1645101450
3083673764
1772750112
5704696797
1496855785
5044281310
2819027752
1918243627
1258941120
5477320351
1514136394
1660768190
1896820725
2495326233
2100918297
2516683113
1939462160
1676160070
1702275522
2043836390
1483820045
1650305567
1497728405
3486314250
1890289901
3267993567
1034085964
2017038601
1191042674
1396715380
1244426274
1997544897
1649240191
1288429914
3214649904
5362336233
2154212385
1742944894
2044955277
3136788225
3200417441
1053953693
3197269764
1455643221
2804610542
1920566800
1867042172
3954698413
1263317424
1596931083
5603168736
3900215081
5512922997
3215951873
1737961042
2155987804
2285214233
2297867557
1583361742
2259107520
1862036640
1217261134
2645249603
5581785513
1640376730
1630326147
2218894100
2356298087
2796627290
1850145517
2892786960
1962888943
2041405051
1161133861
1832527363
1702549133
1751313995
1919205277
1737151237
2054302531
2965425143
5623715908
3268047813
2762663280
1216766752
1507921471
3108811373
1338738570
2713772142
1971878703
1642585887
2180551362
5315551024
2117526475
3948635268
3934035612
3058967715
1897352250
3823475656
2178690247
5625133989
2054853403
3029885921
2359227113
3155616573
2879470994
1559383255
2405584352
2189743085
1240375710
2698088380
5667879972
1855757243
1989742287
3160227432
1905859287
2530520950
2050260197
1313709087
1927564525
1649873781
2659630681
1735221154
3205468931
5543153302
1838886692
2099181812
1496864063
2854735801
2059915723
5292902764
2941157707
1624763627
1988645095
2097838544
2322613250
1877916515
1655852940
2027480085
1218346612
1870415713
1657022395
1812885040
1496070307
1686815607
5174473062
1029262955
2385341970
1672335485
2819165581
1225357530
1451306295
1816618865
1339788483
5098775138
1857414070
1990309453
2948416882
2697257333
1392859820
1972917825
1903747781
2759348142
1797539504
2490557097
2602484450
1914170245
3881021356
5619027667
1834783273
1651593604
1654134123
2421208073
5638992606
5519208608
2293429280
2267310857
1802267337
5671786192
1347712670
1907980965
2834480301
5044705593
1165631310
3630172281
1403497553
1232268345
2128914281
1895394815
5041507691
5369922523
2844992161
3005254180
1233227211
3300916952
2497449104
2434311670
1991297257
5363646680
3070969904
3229450293
2800982237
2055871437
1986911805
1663512401
2331621641
1746301153
1750553234
1233285822
3596732311
1244856617
5335975320
2086220694
1871094877
5045965455
1218355240
2527567595
5506111978
3120845115
2117871375
1750344480
1749766371
2783832257
1220862142
1858319430
1890551363
1721214925
1703697272
1596409212
1483330984
1640699454
3802585852
1769817834
3919522918
5586965954
5326683596
2231624585
1941378750
2715099641
5298663306
1309588297
2334514594
1558205014
1592773611
1721310391
1844235935
2319434684
1431265365
1284139322
2729902997
1888861417
1687445053
2294233591
1254926960
1650479093
2921243792
1803921393
2242389770
1646802810
1009748597
5466307917
2647037061
2298290565
1230077777
1836698272
2590506174
3392867054
2790636225
2067301197
3009788765
1502901587
2297493511
1195381367
1921218535
1897185453
2244291964
1959605421
5336225367
1732621822
5939109236
3212642182
1758476561
1702896953
2707274307
1616008071
2473082931
2088912225
1892320772
2665602213
5055342581
1684012053
2710739767
1792702427
5018637328
3083674060
2556097917
1959021200
1488403267
2858947502
5343802312
5626139459
1899758880
1992613670
1662194560
2549511007
2414490394
2141347175
3194192161
1563491302
1698921891
1412779214
1350537007
1451977335
2574269665
2696123751
2577039065
2166787813
1993519824
3877667526
1778455640
1885560902
2529348553
1225512093
2505955900
2863134747
1726735172
2231727751
3222892134
1225899402
2712860252
1235329061
1213053171
5540466595
1688041835
1252103722
3204658137
2918559854
2176645133
3254966413
2629911730
1261788454
2162541102
3145226051
1283658605
1758992915
1944842795
1258009312
3125368831
5619426492
1262819273
1340529235
2068941174
5477344456
2014618801
1696512981
1764610921
1915390630
1892305742
5112585555
5619779382
1571875947
1807431510
1864199094
1265149745
2934690537
3182698757
5598278574
1644855075
5338575116
5108480945
1944554947
1778181861
1658402750
1931238691
5464919306
5675084579
2611388023
1684452940
1073238785
1349656311
1899810091
2542180771
2722031203
1766610575
3894391642
2153097700
1680902912
1795509335
1994998151
3704195053
5191109020
1781116564
2131309871
1641498391
3622517191
1886903325
1496883447
5324802169
1747471790
1496838293
1712295232
1871139841
2609269865
1295718153
2092312995
1655524143
1357068087
1300419694
1700640805
1737520307
5476386628
1041508671
3547967310
5345033056
1963099827
2650922794
2606243004
3666565210
1306484861
1727617317
1998370765
2418542712
5596974100
2057070473
2053061043
1649469284
1917261090
1742930277
1689474774
1878634874
1306698983
1796308821
5192302731
1708763410
5623328200
1248146160
3255727524
5490326028
1634375627
2643091105
1045269490
2294871555
5541345550
2718913120
1939419914
1958886807
2490830195
1805319252
3919603060
1872791202
1855790127
1733879143
3221102132
1918611551
1607742821
3018237163
2774120804
3065243713
1839300134
1718622107
3737972773
2409482243
5721826695
1989412233
3810000940
3578404775
2208446650
2106558073
3018237157
1728148193
1644634390
1779785750
2057070033
1005570772
5186322697
1774860981
2217389255
2753322363
1658187530
2425047701
2132119590
2117508734
1414660444
1345943410
1453077192
3169959511
3748534967
1664925303
1895021965
3201509481
2018514850
1879859474
1782394737
1035674473
1806128454
3996060839
2085917113
3315784023
2819478670
2858116862
5117510254
5121270743
1839358822
3082731344
3317762972
5465835912
1683370110
3258571832
3159102865
3632086395
1647662054
1723559567
1309862862
1245688163
3638843577
3018218007
5665478463
2047736232
5013060038
1197153650
3611140305
2494935602
3028215832
1899950161
1920075595
2590508324
3833070073
2807295185
1858561902
1199129295
2841054630
1878335471
5856115080
3116872295
3771555072
1780481403
2525762990
2183437642
2564668917
3155073123
2176946705
2921223352
5031163331
2342024544
2597465527
3071912693
1787535601
2704110985
1632538541
1817162382
1663983930
2019042223
1866407383
5649202289
5565691983
1560021134
5586771466
2656288787
3492477125
2191377181
3210380285
1895944731
5672539115
2202911004
1820472333
2078812131
2429035472
2277448183
2111569773
1881907940
3018218037
2573254044
1990303727
2136035962
1900552512
2531936273
1726396365
3603046287
2734728180
1495452561
2618442371
1656421625
1785693845
5601948311
1923237421
1812671331
5347468522
2141934923
1571801883
1434387020
1764855964
1788316762
2590506090
5512188486
1752202132
1255687540
2611995487
2205043320
1344757242
1798873724
1105977803
5685899643
3970319509
1195201334
1915964974
1363695267
2893351587
2464779113
3479290910
1893410897
2206724733
1214074324
1767505547
2567198343
1211598953
3421045302
1918601565
2647692695
3880503940
2357832895
2457719390
1410448443
1895354102
1789362170
1233914290
2840234321
1900401847
1283431191
2739518953
2978832567
1682883335
5844573935
2627076843
1299654943
1305732715
5306704459
5667272865
1573658373
2247164142
2061840907
2903564353
5560073438
1678870364
1604236990
1996712263
2702301030
2691861551
1629076373
3910747185
2504004715
3276238870
2759331540
1100678467
1929936967
1249819153
2805326271
1224445784
2342039023
2540184984
1634431184
2087169013
1761205863
1843630803
3096960281
1973326124
1234452161
1497042545
5173736345
5520218502
2789169452
2921244020
5639143988
2928445695
5104880035
1695825294
1816029971
1990271545
1811363633
1783178722
2135643917
2835392520
2476894617
1698233740
1726393244
5541219415
1920894063
1497337850
5368640649
5253610379
2236554840
2896390104
1678565893
1855272451
2824626113
1841835853
2645833223
2668257811
2311492835
1232114604
2571217862
1225205711
1743140002
2840252665
1954000705
1692056982
1734741902
5688664042
2188110855
3755185335
2054996223
1311594930
3477568337
1961594843
1787365335
5941687237
1958631354
2822680370
1199712261
1290519354
5551658654
3931672306
1197863207
1784501333
1863792930
1216598840
3220718364
2189579901
2205362992
2997829562
1837659353
2190305827
1505167247
2554546793
2093659437
2024623547
1957188991
1801989063
2004995700
5345015435
1910678435
1895063902
1984349345
3173633817
3289097097
1424710994
2334162530
1273380037
2456231390
3479820577
1227078145
3986933335
3980752688
1725876907
3899410815
2817659312
2970192882
1639804820
1195908387
1645425130
2689549190
1877108073
1662078983
3073381975
5268355294
1709286740
2698412232
2050149565
3939426052
3733371872
2806862350
1498683871
2495158142
2097152664
2249455914
1851497955
2723391942
5876039523
2514803044
1029374230
5359133478
1217933782
1660464335
1874025570
2184728493
1864528464
1872005590
1760365341
1892206007
1906063811
5700379397
1785823211
1767076672
1686810661
2646163860
2760275217
3228839174
1852855013
1364882532
1687486981
2762710844
1276821910
1397446025
1659117924
1343887012
1974236517
2121609853
1671248621
1639966980
5814211294
2175199144
5577708884
2265735423
1275238313
1502793162
2187272842
1571999832
3788429925
3195941251
1704754840
1687442645
